# SBR Seed Base-NoC SBR SBR-SZA
(0,0) 13.28529992 14.42046864 14.42046864
(0,1) 13.28529992 14.42046864 14.42046864
(0,2) 13.29689095 14.47033001 14.47033001
(0,3) 13.29689095 14.47033001 14.47033001
(0,4) 13.31594646 14.48982672 14.48982672
(0,5) 13.31594646 14.48982672 14.48982672
(0,6) 13.33443724 14.51155712 14.51155712
(0,7) 13.28529992 14.51815686 14.60495846
(0,8) 13.28529992 14.70984897 14.70984897
(0,9) 13.28529992 14.53250194 14.57012941
(0,10) 13.28529992 14.57012941 14.57012941
(0,11) 13.28529992 14.57012941 14.57012941
(0,12) 13.28529992 14.67315431 14.67315431
(1,0) 13.28529992 14.42046864 14.42046864
(1,1) 13.28529992 14.42046864 14.42046864
(1,2) 13.29142318 14.50686837 14.50686837
(1,3) 13.29142318 14.50686837 14.50686837
(1,4) 13.29712693 14.50997235 14.50997235
(1,5) 13.29712693 14.50997235 14.50997235
(1,6) 13.29764526 14.50800992 14.50800992
(1,7) 13.28529992 14.51792996 14.51792996
(1,8) 13.28529992 14.72068971 14.53250194
(1,9) 13.28529992 14.53250194 14.53250194
(1,10) 13.28529992 14.57012941 14.57012941
(1,11) 13.28529992 14.62217759 14.66431028
(1,12) 13.28529992 14.67315431 14.67315431
(2,0) 13.28529992 14.42046864 14.42046864
(2,1) 13.28529992 14.42046864 14.34513806
(2,2) 13.28529992 14.34513806 14.34513806
(2,3) 13.30315942 14.36299756 14.36299756
(2,4) 13.37006346 14.8480962 14.85411055
(2,5) 13.3760778 14.85411055 14.91933855
(2,6) 13.44329042 14.91933855 14.91933855
(2,7) 13.28529992 14.53482136 14.53482136
(2,8) 13.28529992 14.7412115 14.53250194
(2,9) 13.28529992 14.53250194 14.53250194
(2,10) 13.28529992 14.57012941 14.57012941
(2,11) 13.28529992 14.62217759 14.66431028
(2,12) 13.28529992 14.67315431 14.67315431
(3,0) 13.28529992 14.42046864 14.42046864
(3,1) 13.28529992 14.42046864 14.45004219
(3,2) 13.30271974 14.37471162 14.39221211
(3,3) 13.32022023 14.39221211 14.39221211
(3,4) 13.38659786 14.91923015 14.91923015
(3,5) 13.39851159 14.88563745 14.88563745
(3,6) 13.39920338 14.88512264 14.88512264
(3,7) 13.28529992 14.53482136 14.78452859
(3,8) 13.28529992 14.75140936 14.53250194
(3,9) 13.28529992 14.53250194 14.53250194
(3,10) 13.28529992 14.57012941 14.57012941
(3,11) 13.28529992 14.62217759 14.66431028
(3,12) 13.28529992 14.67315431 14.67315431
(4,0) 13.28529992 14.42046864 14.42046864
(4,1) 13.28529992 14.42046864 14.42046864
(4,2) 13.30777002 14.46151422 14.53790719
(4,3) 13.31981484 14.53790719 14.53790719
(4,4) 13.39506676 14.61549213 14.61549213
(4,5) 13.39506676 14.61549213 14.61549213
(4,6) 13.53778542 14.75718017 14.75718017
(4,7) 13.28529992 14.52375371 14.52375371
(4,8) 13.28529992 14.76182152 14.53250194
(4,9) 13.28529992 14.53250194 14.53250194
(4,10) 13.28529992 14.57012941 14.57012941
(4,11) 13.28529992 14.62217759 14.66431028
(4,12) 13.28529992 14.67315431 14.67315431
(5,0) 13.28529992 14.42046864 14.42046864
(5,1) 13.28529992 14.42046864 14.42046864
(5,2) 13.31034356 14.46993672 14.46993672
(5,3) 13.31034356 14.49841259 14.49841259
(5,4) 13.31069651 14.50012795 14.5693398
(5,5) 13.37793132 14.56736275 14.5693398
(5,6) 13.81798893 15.00632822 15.00830527
(5,7) 13.28529992 14.52375371 14.52375371
(5,8) 13.28529992 14.91915098 14.73171954
(5,9) 13.28529992 14.68983141 14.57012941
(5,10) 13.28529992 14.57012941 14.66431028
(5,11) 13.28529992 14.67315431 14.71528699
(5,12) 13.28529992 14.746468 14.746468
(6,0) 13.28529992 14.42046864 14.42046864
(6,1) 13.28529992 14.42046864 14.42046864
(6,2) 13.31019431 14.47593493 14.47593493
(6,3) 13.31639017 14.39744895 14.80216825
(6,4) 13.39480456 14.96626133 14.80216825
(6,5) 13.46150893 15.0329657 14.86887262
(6,6) 13.46207164 15.03178633 14.86735138
(6,7) 13.28529992 14.52375371 14.52375371
(6,8) 13.28529992 14.91915098 14.91915098
(6,9) 13.28529992 14.74138797 14.62168598
(6,10) 13.28529992 14.62168598 14.62168598
(6,11) 13.28529992 14.746468 14.746468
(6,12) 13.28529992 14.746468 14.746468
(7,0) 13.28529992 14.15464752 14.15464752
(7,1) 13.28529992 14.15464752 14.15464752
(7,2) 13.31020641 14.1956931 14.1956931
(7,3) 13.31732197 14.20026739 15.75707655
(7,4) 13.54505023 15.36418828 15.75707655
(7,5) 13.7617542 16.77057731 17.16346558
(7,6) 13.83909158 16.84793888 16.84793888
(7,7) 13.28529992 14.33854487 14.33854487
(7,8) 13.28529992 13.82514735 13.82534148
(7,9) 13.28529992 13.82534148 13.82534148
(7,10) 13.28529992 13.82496331 13.82496331
(7,11) 13.28529992 13.82496331 14.11790294
(7,12) 13.28529992 14.11790294 14.11790294
(8,0) 13.28529992 14.15464752 14.15464752
(8,1) 13.28529992 14.15464752 14.15464752
(8,2) 13.31875799 14.2041156 14.2041156
(8,3) 13.32585944 14.21113032 15.80311997
(8,4) 13.48072982 15.08217663 16.84718608
(8,5) 13.68779309 16.84718608 16.84718608
(8,6) 14.06428259 17.2876738 17.2876738
(8,7) 13.28529992 14.33977265 14.33977265
(8,8) 13.28529992 13.82514735 13.82534148
(8,9) 13.28529992 13.82534148 13.82534148
(8,10) 13.28529992 13.82496331 14.11790294
(8,11) 13.28529992 13.82496331 14.11790294
(8,12) 13.28529992 14.11790294 14.11790294
(9,0) 13.28529992 14.15464752 14.15464752
(9,1) 13.28529992 14.15464752 14.15464752
(9,2) 13.32472998 14.21011381 14.21011381
(9,3) 13.33183143 14.22014629 14.22014629
(9,4) 13.55695791 16.22916579 17.99415709
(9,5) 13.76402118 17.99415709 17.99415709
(9,6) 13.76457179 17.9945282 18.1623389
(9,7) 13.28529992 14.33986089 13.82514735
(9,8) 13.28529992 13.82514735 13.82514735
(9,9) 13.28529992 13.82534148 13.82534148
(9,10) 13.28529992 13.82496331 14.11790294
(9,11) 13.28529992 13.82496331 14.11790294
(9,12) 13.28529992 14.11790294 14.11790294
(10,0) 13.28529992 14.15464752 14.15464752
(10,1) 13.28529992 14.15464752 14.15464752
(10,2) 13.32210199 14.2061224 14.2061224
(10,3) 13.32210199 14.2061224 14.2061224
(10,4) 13.4612669 15.16850627 15.16967859
(10,5) 13.4612669 15.16893486 15.1913747
(10,6) 13.48417869 15.1913747 15.1913747
(10,7) 13.28529992 14.33994913 13.82514735
(10,8) 13.28529992 13.82512718 13.82534148
(10,9) 13.28529992 13.82534148 14.11790294
(10,10) 13.28529992 13.82496331 14.11790294
(10,11) 13.28529992 13.82496331 14.11790294
(10,12) 13.28529992 14.11790294 14.11790294
(11,0) 13.28529992 14.15464752 14.15464752
(11,1) 13.31459515 14.19733686 14.19733686
(11,2) 13.31459515 14.19733686 14.19733686
(11,3) 13.38699116 14.26298841 14.19733686
(11,4) 13.38699116 14.27120721 14.27120721
(11,5) 13.41002194 14.29370755 14.29370755
(11,6) 13.41002194 14.29370755 14.29370755
(11,7) 13.28529992 13.82534148 13.82534148
(11,8) 13.28529992 13.82534148 13.82534148
(11,9) 13.28529992 14.00392435 14.00392435
(11,10) 13.28529992 13.82496331 13.82496331
(11,11) 13.28529992 14.11790294 14.11790294
(11,12) 13.28529992 14.11790294 14.11790294
(12,0) 13.28529992 14.15464752 14.15464752
(12,1) 13.28529992 14.15464752 14.15464752
(12,2) 13.31459515 14.19733686 14.19733686
(12,3) 13.31459515 14.19733686 14.19733686
(12,4) 13.38699116 14.26298841 14.27237952
(12,5) 13.38699116 14.27120721 14.29370755
(12,6) 13.41002194 14.29370755 14.29370755
(12,7) 13.28529992 14.34016342 14.34016342
(12,8) 13.28529992 13.82512718 13.82534148
(12,9) 13.28529992 13.82534148 13.82534148
(12,10) 13.28529992 13.82496331 13.82496331
(12,11) 13.28529992 13.82496331 13.82496331
(12,12) 13.28529992 14.11790294 14.11790294